2,3,1,0,-4,-1
0,-1,3,-2
98,-73,-29,60,60,-26,-52,23,72,33,85,68,-82,93,5,-95,-60,-30,-61,38
-15,-100,-38,89,-21,0,80,-79,36,-89,-24,41,-85,95
-92,-85,89,44,49,81,10,28,-57,-10,-91,-43,-2,10
67,91,-68,72,85,28,-62,-87,-74,39,18,-26,-32,40,-57,53
-70,-64,-62,62,54,59,82,-82,-45,-45,50,18,73
17,9,-27,28,92,12,-42,-64,67,-25,37,27,-4,-85,92,21,92
47,5,-22,-5,-30,-42,-86,-76,-42,62,-41,-30,-16,-46,-61,-58,-59
-23,-74,69,-89,-92,15,-4,66,-68,-77,-64,6
67,-53,77,3,36,-19,-45,29,22,-63,94,93,74,77,-92,-29,66,2,-57,5
6,63,93,-58,-91,49,63,35,-15,-67,-4,-100,-98,-89,92
15,-78,-77,-28,-60,-30,24,-64,-35,-48,44,41,-55,-54,-59,22,-6
-89,-66,-80,92,-73,-41,60
90,-6,5,-70,-44,75,-80,89,-81,-88,-74,88,18,-33,46,41
-61,36,8,30,-45,-7,53,-91,16,20,-51,95,-93,-98,4,94,-81
53,-98,35,97,-53,31,1,-77,-70,-17,-61,4,-86
49,-94,18,52,26,-43,21,82,70,-33,-75,-41,-38,-22,72,-38,-81,64,-99,13
-52,85,-8,2,-88,-93,2,-71,-61,-27,-26,29,24,70
40,62,-18,5,-14,-46,-91,60,-57,47,-95,7,-69,-38,-79,-5,48
1,85,-11,-91,56,-44,28,-74,70,-46,42,-43,75,-61,21,-15,72,86,62,-45
27,48,37,77,-91
